0,2
0,-2
1,2
1,-2
2,2
2,-2
3,2
3,-2
4,2
4,-2
5,2
5,-2
6,2
6,-2
7,2
7,-2
8,2
8,-2
9,2
9,-2
10,2
10,-2
10,2
10,-2
11,2
11,-2
12,2
12,-2
13,2
13,-2
14,2
14,-2
15,2
15,-2
16,2
16,-2
17,2
17,-2
18,2
18,-2
19,2
19,-2
20,2
20,-2
20,2
20,-2
21,2
21,-2
22,2
22,-2
23,2
23,-2
24,2
24,-2
25,2
25,-2
26,2
26,-2
27,2
27,-2
28,2
28,-2
29,2
29,-2
30,2
30,-2
30,2
30,-2
31,2
31,-2
32,2
32,-2
33,2
33,-2
34,2
34,-2
35,2
35,-2
36,2
36,-2
37,2
37,-2
38,2
38,-2
39,2
39,-2
40,2
40,-2
40,2
40,-2
41,2
41,-2
42,2
42,-2
43,2
43,-2
44,2
44,-2
45,2
45,-2
46,2
46,-2
47,2
47,-2
48,2
48,-2
49,2
49,-2
50,2
50,-2
50,2
50,-2
51,2
51,-2
52,2
52,-2
53,2
53,-2
54,2
54,-2
55,2
55,-2
56,2
56,-2
57,2
57,-2
58,2
58,-2
59,2
59,-2
60,2
60,-2
60,2
60,-2
61,2
61,-2
62,2
62,-2
63,2
63,-2
64,2
64,-2
65,2
65,-2
66,2
66,-2
67,2
67,-2
68,2
68,-2
69,2
69,-2
70,2
70,-2
70,2
70,-2
71,2
71,-2
72,2
72,-2
73,2
73,-2
74,2
74,-2
75,2
75,-2
76,2
76,-2
77,2
77,-2
78,2
78,-2
79,2
79,-2
80,2
80,-2
80,2
80,-2
81,2
81,-2
82,2
82,-2
83,2
83,-2
84,2
84,-2
85,2
85,-2
86,2
86,-2
87,2
87,-2
88,2
88,-2
89,2
89,-2
90,2
90,-2
90,2
90,-2
91,2
91,-2
92,2
92,-2
93,2
93,-2
94,2
94,-2
95,2
95,-2
96,2
96,-2
97,2
97,-2
98,2
98,-2
99,2
99,-2
100,2
100,-2
100,2
100,-2
101,2.00004
101,-1.99996
101.999,2.0003
102.001,-1.9997
102.998,2.001
103.002,-1.999
103.996,2.00237
104.004,-1.99763
104.994,2.00462
105.006,-1.99536
105.992,2.00798
106.008,-1.99198
106.989,2.01267
107.011,-1.98727
107.986,2.01891
108.014,-1.98099
108.982,2.02692
109.018,-1.97292
109.978,2.03691
110.022,-1.96284
109.978,2.03691
110.022,-1.96284
110.973,2.04911
111.027,-1.95052
111.968,2.06374
112.032,-1.93575
112.962,2.08102
113.037,-1.91828
113.956,2.10115
114.043,-1.8979
114.949,2.12437
115.049,-1.87438
115.942,2.15089
116.056,-1.8475
116.934,2.18092
117.062,-1.81702
117.926,2.21468
118.07,-1.78272
118.917,2.2524
119.077,-1.74438
119.907,2.29428
120.085,-1.70177
119.907,2.29428
120.085,-1.70177
120.897,2.34054
121.093,-1.65466
121.886,2.3914
122.101,-1.60282
122.875,2.44706
123.11,-1.54603
123.862,2.50776
124.118,-1.48406
124.849,2.57368
125.127,-1.41668
125.835,2.64506
126.135,-1.34366
126.82,2.7221
127.144,-1.26478
127.805,2.80501
128.153,-1.17982
128.788,2.89401
129.161,-1.08854
129.77,2.98929
130.17,-0.990722
129.77,2.98929
130.17,-0.990722
130.752,3.09108
131.178,-0.886137
131.732,3.19958
132.186,-0.774561
132.71,3.31499
133.193,-0.655768
133.688,3.43751
134.2,-0.529536
134.664,3.56737
135.207,-0.39564
135.638,3.70474
136.212,-0.253858
136.611,3.84985
137.218,-0.103968
137.583,4.00288
138.222,0.0542497
138.552,4.16403
139.225,0.221015
139.52,4.3335
140.227,0.396546
139.52,4.3335
140.227,0.396546
140.486,4.51149
141.229,0.581061
141.449,4.69819
142.228,0.774773
142.411,4.89378
143.227,0.977897
143.37,5.09846
144.224,1.19065
144.327,5.3124
145.219,1.41323
145.28,5.5358
146.212,1.64585
146.232,5.76884
147.204,1.88872
147.18,6.01169
148.193,2.14204
148.125,6.26452
149.18,2.40602
149.067,6.52751
150.164,2.68084
149.067,6.52751
150.164,2.68084
150.006,6.80083
151.146,2.96671
150.941,7.08463
152.124,3.26381
151.872,7.37909
153.1,3.57234
152.799,7.68435
154.073,3.89248
153.722,8.00058
155.042,4.2244
154.641,8.32792
156.007,4.5683
155.555,8.6665
156.968,4.92433
156.465,9.01649
157.925,5.29267
157.369,9.37799
158.878,5.67348
158.268,9.75116
159.826,6.06691
158.268,9.75116
159.826,6.06691
159.162,10.1361
160.769,6.47313
160.05,10.5329
161.707,6.89228
160.932,10.9418
162.639,7.32449
161.808,11.3628
163.566,7.76991
162.677,11.7959
164.487,8.22867
163.54,12.2414
165.401,8.70087
164.396,12.6993
166.309,9.18665
165.244,13.1697
167.21,9.6861
166.085,13.6526
168.103,10.1993
166.917,14.1481
168.989,10.7264
166.917,14.1481
168.989,10.7264
167.742,14.6563
169.867,11.2675
168.558,15.1771
170.737,11.8225
169.366,15.7108
171.598,12.3917
170.164,16.2572
172.45,12.975
170.953,16.8163
173.293,13.5725
171.732,17.3883
174.126,14.1842
172.5,17.9731
174.949,14.8102
173.259,18.5707
175.762,15.4504
174.006,19.1811
176.563,16.1049
174.743,19.8042
177.354,16.7737
174.743,19.8042
177.354,16.7737
175.468,20.44
178.132,17.4567
176.181,21.0885
178.899,18.1539
176.881,21.7495
179.653,18.8652
177.57,22.4231
180.394,19.5907
178.245,23.109
181.122,20.3302
178.906,23.8073
181.836,21.0836
179.554,24.5177
182.536,21.8508
180.188,25.2402
183.221,22.6318
180.807,25.9746
183.891,23.4263
181.412,26.7208
184.545,24.2343
181.412,26.7208
184.545,24.2343
182.001,27.4788
185.183,25.0552
182.576,28.2488
185.805,25.8882
183.135,29.0301
186.41,26.7328
183.68,29.8226
186.998,27.5886
184.209,30.6256
187.569,28.4551
184.724,31.4389
188.124,29.3318
185.224,32.262
188.662,30.2184
185.708,33.0946
189.184,31.1144
186.178,33.9363
189.688,32.0193
186.632,34.7867
190.177,32.9328
186.632,34.7867
190.177,32.9328
187.072,35.6454
190.648,33.8544
187.496,36.5121
191.104,34.7838
187.906,37.3864
191.542,35.7205
188.301,38.268
191.965,36.6642
188.681,39.1566
192.372,37.6144
189.046,40.0518
192.762,38.5709
189.397,40.9533
193.136,39.5333
189.733,41.8608
193.495,40.5012
190.055,42.7739
193.838,41.4743
190.362,43.6925
194.165,42.4523
190.362,43.6925
194.165,42.4523
190.656,44.6161
194.477,43.4348
190.935,45.5446
194.774,44.4216
191.2,46.4776
195.056,45.4123
191.452,47.4148
195.323,46.4067
191.69,48.3561
195.575,47.4044
191.914,49.3012
195.812,48.4052
192.125,50.2498
196.036,49.4089
192.323,51.2017
196.245,50.4152
192.507,52.1567
196.44,51.4239
192.679,53.1145
196.621,52.4346
192.679,53.1145
196.621,52.4346
192.838,54.0749
196.789,53.4472
192.985,55.0378
196.943,54.4615
193.119,56.003
197.084,55.4773
193.241,56.9702
197.213,56.4944
193.351,57.9393
197.328,57.5125
193.449,58.9101
197.431,58.5315
193.536,59.8825
197.522,59.5512
193.611,60.8562
197.601,60.5715
193.675,61.8313
197.668,61.5922
193.728,62.8074
197.723,62.6132
193.728,62.8074
197.723,62.6132
193.77,63.7845
197.767,63.6342
193.802,64.7624
197.8,64.6552
193.823,65.7411
197.822,65.6761
193.834,66.7203
197.833,66.6967
193.834,67.7001
197.834,67.7169
193.825,68.6803
197.825,68.7366
193.807,69.6608
197.806,69.7558
193.779,70.6415
197.777,70.7743
193.742,71.6223
197.738,71.792
193.696,72.6032
197.69,72.8088
193.696,72.6032
197.69,72.8088
193.641,73.5841
197.634,73.8248
193.577,74.565
197.568,74.8398
193.506,75.5457
197.494,75.8538
193.426,76.5262
197.411,76.8666
193.338,77.5065
197.321,77.8784
193.243,78.4866
197.223,78.8889
193.14,79.4663
197.117,79.8983
193.03,80.4457
197.004,80.9064
192.913,81.4247
196.883,81.9132
192.789,82.4034
196.756,82.9188
192.789,82.4034
196.756,82.9188
192.659,83.3816
196.622,83.923
192.522,84.3594
196.482,84.9259
192.379,85.3368
196.336,85.9275
192.231,86.3138
196.183,86.9277
192.076,87.2903
196.025,87.9266
191.916,88.2664
195.862,88.9242
191.751,89.242
195.693,89.9204
191.58,90.2173
195.519,90.9154
191.405,91.1921
195.34,91.909
191.225,92.1665
195.157,92.9014
191.225,92.1665
195.157,92.9014
191.041,93.1406
194.97,93.8924
190.853,94.1143
194.778,94.8823
190.66,95.0877
194.583,95.8709
190.464,96.0608
194.384,96.8584
190.264,97.0336
194.181,97.8447
190.061,98.0062
193.976,98.8299
189.855,98.9785
193.767,99.814
189.646,99.9508
193.555,100.797
189.434,100.923
193.342,101.779
189.22,101.895
193.125,102.76
189.22,101.895
193.125,102.76
189.004,102.867
192.907,103.741
188.785,103.839
192.687,104.72
188.565,104.811
192.465,105.698
188.343,105.783
192.242,106.676
188.119,106.755
192.017,107.653
187.895,107.727
191.792,108.629
187.669,108.7
191.566,109.605
187.443,109.673
191.339,110.58
187.216,110.646
191.112,111.555
186.989,111.62
190.884,112.529
186.989,111.62
190.884,112.529
186.762,112.594
190.657,113.502
186.535,113.568
190.43,114.476
186.308,114.543
190.204,115.449
186.081,115.519
189.978,116.422
185.856,116.494
189.753,117.394
185.631,117.471
189.529,118.367
185.407,118.448
189.306,119.339
185.184,119.426
189.085,120.312
184.962,120.404
188.864,121.284
184.742,121.383
188.646,122.256
184.742,121.383
188.646,122.256
184.524,122.363
188.429,123.229
184.308,123.343
188.215,124.201
184.094,124.325
188.002,125.174
183.881,125.307
187.792,126.146
183.672,126.29
187.585,127.119
183.465,127.274
187.38,128.092
183.261,128.259
187.178,129.066
183.059,129.245
186.98,130.039
182.861,130.232
186.784,131.013
182.666,131.221
186.592,131.987
182.666,131.221
186.592,131.987
182.475,132.21
186.404,132.962
182.288,133.2
186.219,133.936
182.104,134.191
186.039,134.912
181.924,135.184
185.862,135.887
181.749,136.177
185.69,136.863
181.578,137.172
185.522,137.84
181.412,138.168
185.359,138.817
181.251,139.165
185.201,139.794
181.094,140.163
185.048,140.772
180.943,141.162
184.9,141.75
180.943,141.162
184.9,141.75
180.798,142.163
184.757,142.728
180.657,143.165
184.62,143.707
180.523,144.167
184.489,144.687
180.395,145.171
184.364,145.667
180.273,146.177
184.245,146.647
180.157,147.183
184.132,147.627
180.047,148.19
184.025,148.608
179.945,149.199
183.926,149.59
179.849,150.208
183.833,150.571
179.761,151.219
183.747,151.553
179.761,151.219
183.747,151.553
179.68,152.23
183.668,152.535
179.606,153.242
183.596,153.518
179.54,154.256
183.532,154.5
179.482,155.27
183.476,155.483
179.432,156.285
183.428,156.465
179.39,157.301
183.388,157.448
179.357,158.317
183.355,158.43
179.333,159.334
183.332,159.413
179.317,160.351
183.317,160.395
179.31,161.369
183.31,161.377
179.31,161.369
183.31,161.377
179.313,162.388
183.313,162.359
179.325,163.406
183.325,163.34
179.347,164.425
183.346,164.321
179.379,165.444
183.376,165.301
179.42,166.463
183.416,166.28
179.472,167.482
183.466,167.259
179.534,168.501
183.526,168.236
179.607,169.519
183.595,169.213
179.691,170.537
183.675,170.188
179.785,171.554
183.766,171.162
179.785,171.554
183.766,171.162
179.891,172.571
183.867,172.135
180.008,173.586
183.979,173.106
180.136,174.601
184.102,174.076
180.276,175.614
184.235,175.044
180.428,176.626
184.38,176.009
180.592,177.637
184.537,176.973
180.768,178.646
184.704,177.934
180.957,179.653
184.884,178.893
181.158,180.658
185.075,179.849
181.371,181.661
185.278,180.802
181.371,181.661
185.278,180.802
181.598,182.661
185.493,181.753
181.837,183.659
185.721,182.7
182.09,184.654
185.96,183.644
182.356,185.645
186.212,184.584
182.635,186.634
186.477,185.52
182.928,187.618
186.754,186.452
183.234,188.6
187.044,187.38
183.555,189.577
187.347,188.303
183.889,190.549
187.662,189.222
184.237,191.517
187.991,190.136
184.237,191.517
187.991,190.136
184.6,192.481
188.333,191.044
184.977,193.439
188.688,191.948
185.368,194.392
189.057,192.845
185.773,195.339
189.438,193.736
186.194,196.28
189.833,194.621
186.628,197.215
190.242,195.5
187.078,198.143
190.664,196.371
187.542,199.065
191.1,197.236
188.022,199.979
191.549,198.093
188.516,200.885
192.012,198.943
188.516,200.885
192.012,198.943
189.025,201.784
192.489,199.784
189.549,202.675
192.979,200.617
190.088,203.557
193.483,201.442
190.642,204.43
194.001,202.257
191.211,205.293
194.532,203.064
191.795,206.147
195.077,203.86
192.395,206.991
195.636,204.647
193.009,207.825
196.208,205.424
193.638,208.648
196.794,206.19
194.282,209.459
197.393,206.945
194.282,209.459
197.393,206.945
194.941,210.259
198.005,207.688
195.615,211.048
198.631,208.42
196.303,211.823
199.27,209.14
197.007,212.586
199.922,209.848
197.724,213.336
200.587,210.543
198.457,214.072
201.266,211.225
199.203,214.795
201.956,211.893
199.964,215.502
202.66,212.548
200.739,216.195
203.376,213.188
201.527,216.873
204.104,213.814
201.527,216.873
204.104,213.814
202.329,217.535
204.844,214.425
203.144,218.181
205.597,215.022
203.97,218.81
206.362,215.604
204.809,219.423
207.138,216.171
205.659,220.019
207.925,216.723
206.52,220.599
208.723,217.261
207.391,221.163
209.531,217.783
208.273,221.709
210.349,218.29
209.164,222.239
211.177,218.783
210.064,222.753
212.014,219.26
210.064,222.753
212.014,219.26
210.974,223.249
212.86,219.722
211.892,223.73
213.714,220.169
212.817,224.193
214.577,220.601
213.751,224.64
215.447,221.018
214.692,225.071
216.325,221.419
215.64,225.485
217.209,221.806
216.594,225.882
218.101,222.177
217.555,226.264
218.999,222.534
218.522,226.629
219.904,222.875
219.494,226.978
220.814,223.202
219.494,226.978
220.814,223.202
220.471,227.311
221.73,223.514
221.453,227.627
222.651,223.811
222.44,227.929
223.577,224.093
223.432,228.214
224.508,224.361
224.427,228.483
225.443,224.615
225.426,228.738
226.382,224.854
226.428,228.976
227.325,225.078
227.433,229.2
228.272,225.289
228.442,229.408
229.223,225.485
229.453,229.602
230.176,225.668
229.453,229.602
230.176,225.668
230.466,229.78
231.132,225.836
231.481,229.945
232.091,225.991
232.499,230.094
233.053,226.133
233.517,230.229
234.016,226.261
234.538,230.351
234.982,226.375
235.559,230.458
235.95,226.477
236.582,230.551
236.919,226.566
237.605,230.631
237.89,226.641
238.629,230.697
238.862,226.704
239.653,230.751
239.835,226.755
239.653,230.751
239.835,226.755
240.677,230.791
240.809,226.793
241.702,230.818
241.783,226.819
242.726,230.833
242.759,226.833
243.751,230.835
243.735,226.835
244.774,230.824
244.711,226.825
245.798,230.802
245.687,226.804
246.82,230.768
246.663,226.771
247.842,230.722
247.64,226.727
248.862,230.665
248.616,226.672
249.882,230.596
249.592,226.607
249.882,230.596
249.592,226.607
250.901,230.516
250.567,226.53
251.918,230.426
251.542,226.443
252.934,230.324
252.516,226.346
253.948,230.212
253.49,226.239
254.961,230.09
254.462,226.122
255.972,229.958
255.434,225.994
256.982,229.816
256.405,225.858
257.989,229.664
257.375,225.712
258.995,229.503
258.344,225.557
259.999,229.333
259.312,225.392
259.999,229.333
259.312,225.392
261.001,229.153
260.279,225.219
262.001,228.965
261.244,225.037
262.999,228.768
262.208,224.847
263.995,228.563
263.171,224.648
264.989,228.349
264.132,224.442
265.981,228.127
265.092,224.227
266.97,227.898
266.051,224.005
267.958,227.66
267.008,223.775
268.943,227.416
267.964,223.537
269.926,227.164
268.919,223.293
269.926,227.164
268.919,223.293
270.907,226.905
269.872,223.041
271.885,226.639
270.823,222.783
272.862,226.367
271.773,222.517
273.836,226.088
272.722,222.246
274.808,225.802
273.669,221.968
275.777,225.511
274.615,221.684
276.745,225.214
275.559,221.394
277.71,224.911
276.502,221.098
278.674,224.603
277.443,220.797
279.635,224.289
278.384,220.49
279.635,224.289
278.384,220.49
280.594,223.97
279.322,220.178
281.551,223.647
280.26,219.861
282.506,223.318
281.196,219.539
283.459,222.985
282.131,219.212
284.411,222.648
283.065,218.881
285.36,222.306
283.997,218.545
286.307,221.96
284.929,218.206
287.253,221.611
285.859,217.862
288.197,221.258
286.788,217.514
289.139,220.901
287.716,217.163
289.139,220.901
287.716,217.163
290.08,220.541
288.644,216.808
291.019,220.178
289.57,216.45
291.956,219.812
290.496,216.089
292.892,219.444
291.421,215.724
293.827,219.072
292.345,215.357
294.76,218.699
293.268,214.987
295.692,218.323
294.191,214.615
296.623,217.945
295.113,214.241
297.552,217.565
296.035,213.864
298.481,217.183
296.957,213.485
298.481,217.183
296.957,213.485
299.408,216.8
297.878,213.105
300.335,216.416
298.798,212.722
301.26,216.03
299.719,212.339
302.185,215.643
300.639,211.954
303.109,215.255
301.56,211.568
304.032,214.867
302.48,211.181
304.955,214.478
303.4,210.793
305.877,214.089
304.321,210.404
306.799,213.7
305.241,210.015
307.72,213.31
306.162,209.626
307.72,213.31
306.162,209.626
308.641,212.921
307.084,209.236
309.561,212.532
308.005,208.847
310.481,212.144
308.928,208.458
311.401,211.757
309.852,208.069
312.321,211.371
310.776,207.681
313.241,210.987
311.702,207.295
314.161,210.605
312.629,206.91
315.081,210.224
313.557,206.526
316.001,209.846
314.486,206.144
316.922,209.471
315.418,205.765
316.922,209.471
315.418,205.765
317.844,209.098
316.35,205.388
318.766,208.729
317.285,205.013
319.689,208.363
318.221,204.642
320.613,208
319.159,204.274
321.537,207.642
320.099,203.909
322.463,207.287
321.041,203.548
323.39,206.937
321.985,203.192
324.317,206.592
322.932,202.84
325.247,206.252
323.881,202.492
326.177,205.917
324.832,202.149
326.177,205.917
324.832,202.149
327.109,205.587
325.786,201.812
328.042,205.263
326.742,201.48
328.976,204.946
327.701,201.154
329.913,204.634
328.663,200.834
330.85,204.329
329.627,200.521
331.79,204.032
330.594,200.214
332.731,203.741
331.564,199.915
333.673,203.458
332.537,199.622
334.617,203.182
333.513,199.338
335.564,202.914
334.491,199.061
335.564,202.914
334.491,199.061
336.511,202.655
335.472,198.792
337.461,202.404
336.457,198.532
338.412,202.162
337.444,198.281
339.365,201.929
338.434,198.039
340.319,201.706
339.427,197.807
341.275,201.492
340.422,197.584
342.233,201.288
341.421,197.372
343.192,201.095
342.422,197.17
344.153,200.912
343.426,196.978
345.115,200.74
344.433,196.798
345.115,200.74
344.433,196.798
346.078,200.579
345.442,196.63
347.043,200.429
346.453,196.473
348.009,200.291
347.467,196.328
348.976,200.165
348.484,196.195
349.944,200.051
349.502,196.075
350.913,199.95
350.522,195.969
351.882,199.861
351.545,195.875
352.852,199.786
352.569,195.796
353.822,199.723
353.594,195.73
354.793,199.675
354.621,195.679
354.793,199.675
354.621,195.679
355.763,199.64
355.65,195.642
356.734,199.62
356.679,195.62
357.704,199.614
357.709,195.614
358.673,199.622
358.739,195.623
359.642,199.646
359.77,195.648
360.609,199.685
360.801,195.689
361.575,199.739
361.832,195.747
362.54,199.809
362.862,195.822
363.503,199.895
363.891,195.914
364.463,199.997
364.919,196.023
364.463,199.997
364.919,196.023
365.421,200.115
365.946,196.15
366.377,200.25
366.971,196.294
367.329,200.402
367.994,196.457
368.278,200.57
369.014,196.639
369.223,200.756
370.031,196.839
370.164,200.96
371.045,197.058
371.1,201.181
372.056,197.297
372.031,201.419
373.062,197.555
372.957,201.676
374.063,197.832
373.877,201.951
375.059,198.129
373.877,201.951
375.059,198.129
374.792,202.244
376.049,198.446
375.701,202.555
377.033,198.783
376.604,202.884
378.009,199.138
377.502,203.23
378.977,199.512
378.393,203.593
379.938,199.903
379.278,203.973
380.89,200.313
380.156,204.37
381.835,200.739
381.028,204.782
382.771,201.182
381.893,205.21
383.699,201.641
382.75,205.653
384.618,202.116
382.75,205.653
384.618,202.116
383.601,206.112
385.528,202.607
384.444,206.584
386.429,203.112
385.279,207.071
387.322,203.632
386.107,207.572
388.205,204.166
386.928,208.087
389.079,204.714
387.74,208.614
389.944,205.276
388.545,209.154
390.8,205.85
389.343,209.707
391.646,206.437
390.132,210.272
392.483,207.036
390.913,210.848
393.311,207.647
390.913,210.848
393.311,207.647
391.687,211.436
394.13,208.269
392.453,212.035
394.939,208.902
393.211,212.645
395.739,209.546
393.961,213.266
396.53,210.201
394.703,213.896
397.312,210.865
395.437,214.537
398.085,211.539
396.164,215.187
398.849,212.222
396.884,215.846
399.604,212.914
397.595,216.515
400.35,213.615
398.299,217.192
401.088,214.324
398.299,217.192
401.088,214.324
398.996,217.877
401.817,215.041
399.686,218.57
402.538,215.766
400.368,219.272
403.25,216.498
401.044,219.981
403.954,217.237
401.712,220.697
404.65,217.983
402.374,221.42
405.338,218.735
403.029,222.151
406.019,219.494
403.677,222.887
406.692,220.259
404.319,223.63
407.357,221.029
404.955,224.38
408.016,221.805
404.955,224.38
408.016,221.805
405.584,225.135
408.667,222.586
406.208,225.895
409.311,223.371
406.826,226.661
409.949,224.162
407.439,227.433
410.58,224.957
408.046,228.209
411.205,225.756
408.648,228.99
411.824,226.559
409.244,229.775
412.438,227.366
409.836,230.565
413.045,228.177
410.424,231.359
413.647,228.991
411.007,232.157
414.244,229.808
411.007,232.157
414.244,229.808
411.585,232.959
414.835,230.627
412.16,233.765
415.422,231.45
412.731,234.574
416.005,232.275
413.298,235.386
416.583,233.103
413.862,236.201
417.157,233.933
414.423,237.019
417.727,234.764
414.98,237.84
418.293,235.598
415.535,238.663
418.856,236.433
416.088,239.489
419.416,237.269
416.638,240.316
419.972,238.107
416.638,240.316
419.972,238.107
417.186,241.146
420.527,238.946
417.732,241.978
421.078,239.786
418.277,242.812
421.628,240.627
418.82,243.647
422.175,241.468
419.363,244.483
422.721,242.31
419.904,245.321
423.265,243.152
420.445,246.16
423.808,243.994
420.985,246.999
424.35,244.836
421.525,247.84
424.891,245.678
422.065,248.681
425.431,246.52
422.065,248.681
425.431,246.52
422.605,249.523
425.971,247.362
423.146,250.364
426.512,248.203
423.686,251.206
427.052,249.045
424.226,252.047
427.592,249.887
424.766,252.888
428.133,250.728
425.305,253.73
428.673,251.571
425.845,254.571
429.213,252.413
426.384,255.413
429.752,253.255
426.923,256.254
430.292,254.098
427.461,257.096
430.831,254.941
427.461,257.096
430.831,254.941
428,257.938
431.37,255.784
428.537,258.78
431.909,256.628
429.075,259.622
432.447,257.472
429.611,260.465
432.985,258.316
430.148,261.307
433.523,259.16
430.684,262.15
434.06,260.005
431.219,262.993
434.597,260.851
431.753,263.837
435.133,261.697
432.287,264.681
435.668,262.543
432.821,265.525
436.203,263.39
432.821,265.525
436.203,263.39
433.353,266.369
436.737,264.237
433.885,267.214
437.271,265.085
434.416,268.059
437.804,265.933
434.946,268.905
438.336,266.782
435.476,269.751
438.868,267.631
436.004,270.598
439.398,268.481
436.532,271.445
439.928,269.332
437.058,272.292
440.457,270.183
437.584,273.14
440.985,271.035
438.108,273.989
441.512,271.888
438.108,273.989
441.512,271.888
438.632,274.838
442.038,272.741
439.154,275.688
442.563,273.595
439.675,276.538
443.087,274.45
440.196,277.389
443.61,275.305
440.714,278.241
444.132,276.162
441.232,279.093
444.652,277.019
441.748,279.946
445.172,277.877
442.263,280.799
445.69,278.735
442.777,281.654
446.207,279.595
443.29,282.509
446.722,280.456
443.29,282.509
446.722,280.456
443.8,283.365
447.237,281.317
444.31,284.221
447.75,282.18
444.818,285.079
448.261,283.043
445.324,285.937
448.771,283.907
445.829,286.796
449.279,284.772
446.332,287.656
449.786,285.639
446.834,288.517
450.292,286.506
447.334,289.378
450.796,287.374
447.832,290.241
451.298,288.243
448.329,291.104
451.798,289.114
448.329,291.104
451.798,289.114
448.823,291.968
452.297,289.985
449.316,292.834
452.794,290.858
449.807,293.7
453.289,291.731
450.296,294.567
453.783,292.606
450.784,295.436
454.274,293.482
451.269,296.305
454.764,294.359
451.752,297.175
455.251,295.237
452.233,298.046
455.737,296.117
452.712,298.919
456.221,296.998
453.189,299.792
456.702,297.879
453.189,299.792
456.702,297.879
453.664,300.667
457.182,298.763
454.136,301.542
457.659,299.647
454.607,302.419
458.134,300.533
455.075,303.297
458.607,301.42
455.541,304.176
459.078,302.308
456.004,305.056
459.546,303.197
456.465,305.938
460.012,304.088
456.924,306.82
460.476,304.98
457.38,307.704
460.937,305.874
457.833,308.589
461.396,306.769
457.833,308.589
461.396,306.769
458.284,309.475
461.852,307.665
458.733,310.362
462.305,308.563
459.179,311.25
462.757,309.462
459.622,312.14
463.205,310.362
460.062,313.031
463.651,311.264
460.5,313.924
464.094,312.167
460.935,314.817
464.534,313.072
461.367,315.712
464.972,313.978
461.796,316.608
465.407,314.886
462.223,317.506
465.839,315.795
462.223,317.506
465.839,315.795
462.646,318.404
466.268,316.706
463.067,319.304
466.694,317.618
463.484,320.206
467.117,318.531
463.898,321.108
467.536,319.446
464.309,322.012
467.953,320.363
464.717,322.918
468.367,321.281
465.122,323.825
468.778,322.2
465.524,324.733
469.185,323.121
465.922,325.642
469.589,324.044
466.317,326.553
469.99,324.968
466.317,326.553
469.99,324.968
466.709,327.465
470.387,325.893
467.097,328.378
470.781,326.821
467.482,329.293
471.172,327.749
467.863,330.209
471.559,328.68
468.241,331.127
471.943,329.611
468.615,332.046
472.323,330.545
468.986,332.966
472.699,331.48
469.353,333.888
473.072,332.416
469.716,334.811
473.441,333.354
470.076,335.736
473.806,334.294
470.076,335.736
473.806,334.294
470.431,336.662
474.168,335.235
470.783,337.589
474.526,336.177
471.131,338.517
474.88,337.122
471.475,339.447
475.23,338.067
471.815,340.379
475.576,339.015
472.151,341.311
475.917,339.963
472.484,342.246
476.255,340.914
472.812,343.181
476.589,341.866
473.135,344.118
476.919,342.819
473.455,345.056
477.244,343.774
473.455,345.056
477.244,343.774
473.771,345.995
477.565,344.731
474.082,346.936
477.882,345.689
474.389,347.878
478.195,346.648
474.691,348.822
478.503,347.609
474.989,349.767
478.807,348.572
475.283,350.713
479.106,349.536
475.572,351.66
479.401,350.501
475.857,352.609
479.691,351.468
476.137,353.559
479.976,352.436
476.412,354.51
480.257,353.406
476.412,354.51
480.257,353.406
476.683,355.462
480.533,354.378
476.949,356.416
480.805,355.35
477.211,357.371
481.071,356.324
477.467,358.327
481.333,357.3
477.719,359.284
481.59,358.277
477.966,360.243
481.842,359.255
478.208,361.203
482.089,360.235
478.445,362.163
482.331,361.216
478.677,363.125
482.568,362.198
478.903,364.088
482.799,363.182
478.903,364.088
482.799,363.182
479.125,365.053
483.026,364.167
479.342,366.018
483.247,365.153
479.553,366.984
483.463,366.14
479.759,367.952
483.674,367.129
479.96,368.92
483.879,368.119
480.155,369.89
484.079,369.11
480.346,370.86
484.273,370.102
480.53,371.832
484.462,371.096
480.709,372.804
484.645,372.09
480.883,373.777
484.823,373.086
480.883,373.777
484.823,373.086
481.051,374.751
484.995,374.082
481.214,375.726
485.161,375.08
481.371,376.702
485.322,376.079
481.522,377.679
485.477,377.079
481.667,378.656
485.626,378.079
481.807,379.635
485.769,379.081
481.941,380.614
485.906,380.084
482.069,381.593
486.037,381.087
482.191,382.574
486.162,382.091
482.307,383.555
486.281,383.096
482.307,383.555
486.281,383.096
482.417,384.536
486.394,384.102
482.522,385.518
486.501,385.109
482.62,386.501
486.601,386.117
482.711,387.484
486.695,387.125
482.797,388.468
486.783,388.133
482.877,389.452
486.865,389.143
482.95,390.437
486.94,390.153
483.017,391.422
487.009,391.163
483.078,392.407
487.071,392.174
483.132,393.392
487.127,393.186
483.132,393.392
487.127,393.186
483.18,394.378
487.176,394.197
483.221,395.364
487.218,395.21
483.256,396.35
487.254,396.222
483.284,397.337
487.283,397.235
483.306,398.323
487.305,398.248
483.321,399.309
487.321,399.262
483.33,400.296
487.33,400.275
483.331,401.282
487.331,401.289
483.326,402.269
487.326,402.302
483.315,403.255
487.314,403.316
483.315,403.255
487.314,403.316
483.296,404.241
487.295,404.33
483.271,405.226
487.269,405.343
483.238,406.212
487.236,406.357
483.199,407.197
487.195,407.37
483.153,408.182
487.148,408.383
483.1,409.166
487.093,409.396
483.039,410.15
487.031,410.409
482.972,411.133
486.962,411.421
482.897,412.116
486.885,412.432
482.816,413.098
486.801,413.443
482.816,413.098
486.801,413.443
482.727,414.079
486.709,414.454
482.631,415.059
486.61,415.464
482.528,416.039
486.504,416.473
482.417,417.018
486.39,417.482
482.299,417.996
486.269,418.489
482.174,418.973
486.14,419.496
482.041,419.949
486.003,420.502
481.901,420.923
485.858,421.507
481.754,421.897
485.706,422.511
481.599,422.869
485.547,423.514
481.599,422.869
485.547,423.514
481.436,423.84
485.379,424.515
481.266,424.81
485.204,425.516
481.089,425.778
485.02,426.515
480.904,426.745
484.829,427.512
480.711,427.71
484.63,428.509
480.511,428.673
484.424,429.503
480.303,429.635
484.209,430.496
480.087,430.595
483.986,431.488
479.863,431.553
483.755,432.477
479.632,432.509
483.516,433.465
479.632,432.509
483.516,433.465
479.393,433.463
483.27,434.451
479.147,434.416
483.015,435.435
478.892,435.366
482.752,436.417
478.63,436.313
482.48,437.396
478.36,437.259
482.201,438.374
478.082,438.202
481.914,439.349
477.796,439.143
481.618,440.322
477.502,440.081
481.314,441.292
477.2,441.016
481.002,442.26
476.891,441.949
480.682,443.226
476.891,441.949
480.682,443.226
476.573,442.88
480.353,444.188
476.247,443.807
480.016,445.148
475.914,444.731
479.671,446.105
475.573,445.653
479.317,447.059
475.223,446.571
478.955,448.01
474.866,447.486
478.585,448.958
474.5,448.398
478.207,449.902
474.127,449.306
477.82,450.843
473.745,450.211
477.424,451.781
473.356,451.113
477.021,452.716
473.356,451.113
477.021,452.716
472.958,452.011
476.609,453.647
472.553,452.905
476.188,454.574
472.139,453.796
475.759,455.497
471.717,454.682
475.322,456.417
471.288,455.565
474.876,457.332
470.85,456.444
474.422,458.244
470.404,457.318
473.96,459.151
469.951,458.189
473.489,460.054
469.489,459.055
473.01,460.953
469.019,459.916
472.522,461.847
469.019,459.916
472.522,461.847
468.541,460.773
472.026,462.737
468.055,461.626
471.521,463.622
467.562,462.473
471.008,464.503
467.06,463.316
470.487,465.379
466.55,464.154
469.958,466.249
466.032,464.987
469.42,467.115
465.507,465.815
468.873,467.975
464.973,466.638
468.319,468.831
464.432,467.456
467.756,469.681
463.882,468.268
467.185,470.525
463.882,468.268
467.185,470.525
463.325,469.074
466.605,471.364
462.76,469.876
466.017,472.197
462.187,470.671
465.422,473.025
461.607,471.461
464.817,473.846
461.018,472.244
464.205,474.662
460.422,473.022
463.584,475.471
459.818,473.794
462.956,476.275
459.207,474.559
462.319,477.072
458.587,475.319
461.674,477.862
457.96,476.072
461.021,478.647
457.96,476.072
461.021,478.647
457.326,476.818
460.361,479.424
456.684,477.558
459.692,480.195
456.035,478.291
459.015,480.959
455.378,479.017
458.33,481.716
454.713,479.737
457.638,482.466
454.042,480.449
456.938,483.208
453.362,481.154
456.229,483.944
452.676,481.852
455.514,484.672
451.982,482.543
454.79,485.392
451.282,483.227
454.059,486.105
451.282,483.227
454.059,486.105
450.574,483.903
453.321,486.81
449.859,484.571
452.574,487.508
449.137,485.231
451.821,488.197
448.408,485.884
451.06,488.878
447.672,486.529
450.291,489.552
446.929,487.166
449.516,490.217
446.179,487.794
448.733,490.873
445.423,488.415
447.943,491.521
444.66,489.027
447.146,492.16
443.89,489.63
446.342,492.791
443.89,489.63
446.342,492.791
443.114,490.225
445.53,493.413
442.332,490.812
444.712,494.026
441.543,491.389
443.888,494.63
440.747,491.958
443.056,495.224
439.946,492.518
442.218,495.81
439.138,493.068
441.373,496.386
438.325,493.61
440.522,496.952
437.505,494.142
439.664,497.509
436.679,494.665
438.8,498.057
435.848,495.179
437.93,498.594
435.848,495.179
437.93,498.594
435.011,495.683
437.054,499.121
434.168,496.177
436.172,499.639
433.32,496.661
435.283,500.146
432.466,497.136
434.389,500.643
431.606,497.601
433.489,501.13
430.742,498.055
432.583,501.606
429.872,498.5
431.672,502.072
428.998,498.934
430.756,502.527
428.118,499.358
429.834,502.972
427.234,499.772
428.906,503.405
427.234,499.772
428.906,503.405
426.344,500.175
427.974,503.828
425.45,500.567
427.037,504.239
424.552,500.949
426.094,504.64
423.649,501.32
425.147,505.029
422.742,501.68
424.195,505.407
421.831,502.029
423.239,505.773
420.915,502.367
422.278,506.128
419.996,502.694
421.313,506.471
419.073,503.01
420.344,506.802
418.146,503.314
419.371,507.122
418.146,503.314
419.371,507.122
417.215,503.607
418.394,507.43
416.282,503.889
417.413,507.726
415.344,504.159
416.428,508.009
414.404,504.417
415.44,508.281
413.461,504.664
414.449,508.54
412.514,504.899
413.454,508.787
411.565,505.122
412.456,509.022
410.613,505.334
411.456,509.244
409.659,505.533
410.452,509.454
408.702,505.72
409.446,509.65
408.702,505.72
409.446,509.65
407.744,505.895
408.437,509.835
406.783,506.058
407.426,510.006
405.82,506.209
406.413,510.165
404.855,506.347
405.398,510.31
403.889,506.473
404.381,510.443
402.921,506.587
403.362,510.563
401.953,506.688
402.342,510.669
400.982,506.777
401.321,510.762
400.011,506.853
400.298,510.843
399.04,506.916
399.274,510.909
399.04,506.916
399.274,510.909
398.067,506.967
398.249,510.963
397.094,507.005
397.224,511.003
396.121,507.03
396.198,511.029
395.147,507.042
395.171,511.042
394.173,507.042
394.145,511.042
393.2,507.029
393.119,511.028
392.227,507.002
392.092,511
391.255,506.963
391.067,510.959
390.283,506.911
390.041,510.904
389.312,506.846
389.017,510.835
389.312,506.846
389.017,510.835
388.342,506.767
387.993,510.752
387.373,506.676
386.971,510.656
386.406,506.571
385.949,510.545
385.44,506.454
384.93,510.421
384.476,506.323
383.912,510.283
383.514,506.179
382.896,510.131
382.555,506.022
381.882,509.965
381.597,505.852
380.87,509.786
380.642,505.669
379.861,509.592
379.69,505.473
378.855,509.384
379.69,505.473
378.855,509.384
378.74,505.263
377.851,509.163
377.794,505.04
376.851,508.927
376.851,504.804
375.853,508.678
375.912,504.555
374.86,508.415
374.976,504.293
373.87,508.137
374.044,504.018
372.884,507.846
373.116,503.73
371.902,507.541
372.192,503.428
370.924,507.222
371.273,503.114
369.951,506.889
370.358,502.786
368.983,506.542
370.358,502.786
368.983,506.542
369.448,502.446
368.02,506.182
368.543,502.092
367.062,505.808
367.643,501.726
366.109,505.42
366.748,501.347
365.163,505.019
365.858,500.955
364.222,504.605
364.974,500.552
363.287,504.179
364.095,500.135
362.358,503.739
363.221,499.707
361.436,503.287
362.353,499.267
360.52,502.822
361.491,498.815
359.611,502.346
361.491,498.815
359.611,502.346
360.636,498.352
358.708,501.857
359.786,497.877
357.812,501.356
358.942,497.391
356.922,500.844
358.105,496.894
356.04,500.32
357.273,496.386
355.165,499.785
356.449,495.867
354.297,499.239
355.631,495.337
353.436,498.681
354.82,494.797
352.582,498.113
354.015,494.247
351.736,497.534
353.217,493.687
350.897,496.945
353.217,493.687
350.897,496.945
352.426,493.116
350.066,496.346
351.642,492.536
349.243,495.736
350.865,491.946
348.427,495.117
350.095,491.346
347.619,494.488
349.332,490.738
346.818,493.849
348.576,490.12
346.026,493.201
347.828,489.493
345.241,492.543
347.087,488.857
344.464,491.877
346.353,488.212
343.696,491.202
345.627,487.559
342.935,490.518
345.627,487.559
342.935,490.518
344.908,486.897
342.182,489.825
344.196,486.227
341.438,489.124
343.492,485.549
340.701,488.415
342.795,484.863
339.973,487.698
342.106,484.169
339.253,486.972
341.425,483.468
338.541,486.239
340.751,482.759
337.837,485.499
340.084,482.042
337.141,484.751
339.425,481.319
336.453,483.996
338.774,480.588
335.774,483.233
338.774,480.588
335.774,483.233
338.131,479.85
335.103,482.464
337.495,479.106
334.44,481.688
336.866,478.354
333.785,480.905
336.245,477.597
333.138,480.116
335.632,476.832
332.5,479.32
335.026,476.062
331.869,478.518
334.428,475.285
331.247,477.71
333.838,474.503
330.633,476.896
333.255,473.714
330.027,476.076
332.68,472.92
329.429,475.251
332.68,472.92
329.429,475.251
332.112,472.12
328.839,474.42
331.551,471.315
328.257,473.584
330.999,470.504
327.683,472.742
330.453,469.688
327.117,471.895
329.915,468.867
326.559,471.044
329.384,468.041
326.009,470.187
328.861,467.21
325.467,469.326
328.345,466.374
324.932,468.46
327.837,465.533
324.405,467.589
327.335,464.688
323.886,466.714
327.335,464.688
323.886,466.714
326.841,463.838
323.375,465.835
326.354,462.985
322.871,464.952
325.874,462.126
322.375,464.064
325.401,461.264
321.886,463.173
324.935,460.398
321.405,462.278
324.477,459.528
320.931,461.379
324.025,458.653
320.464,460.476
323.58,457.776
320.005,459.57
323.141,456.894
319.553,458.661
322.71,456.009
319.108,457.748
322.71,456.009
319.108,457.748
322.285,455.121
318.67,456.832
321.867,454.229
318.239,455.913
321.456,453.334
317.815,454.991
321.051,452.435
317.398,454.066
320.653,451.534
316.988,453.138
320.261,450.63
316.585,452.207
319.875,449.722
316.188,451.274
319.496,448.812
315.798,450.338
319.123,447.899
315.415,449.4
318.756,446.983
315.038,448.459
318.756,446.983
315.038,448.459
318.395,446.065
314.667,447.516
318.04,445.144
314.303,446.57
317.691,444.221
313.945,445.623
317.348,443.295
313.593,444.673
317.011,442.367
313.247,443.721
316.679,441.437
312.907,442.768
316.353,440.504
312.573,441.812
316.033,439.57
312.245,440.855
315.718,438.633
311.923,439.896
315.409,437.694
311.606,438.935
315.409,437.694
311.606,438.935
315.105,436.754
311.295,437.972
314.807,435.811
310.99,437.008
314.513,434.867
310.69,436.043
314.225,433.92
310.395,435.076
313.941,432.972
310.106,434.108
313.663,432.023
309.822,433.138
313.39,431.072
309.543,432.167
313.121,430.119
309.268,431.195
312.857,429.165
308.999,430.221
312.598,428.209
308.735,429.247
312.598,428.209
308.735,429.247
312.343,427.252
308.475,428.271
312.093,426.293
308.22,427.295
311.847,425.333
307.97,426.317
311.605,424.372
307.724,425.339
311.368,423.41
307.482,424.359
311.135,422.446
307.245,423.379
310.906,421.482
307.012,422.398
310.68,420.516
306.783,421.416
310.459,419.549
306.558,420.434
310.241,418.581
306.337,419.45
310.241,418.581
306.337,419.45
310.027,417.612
306.12,418.466
309.817,416.642
305.906,417.482
309.61,415.671
305.697,416.497
309.407,414.699
305.49,415.511
309.207,413.726
305.288,414.525
309.01,412.752
305.088,413.538
308.817,411.778
304.892,412.551
308.626,410.802
304.699,411.563
308.439,409.826
304.509,410.575
308.254,408.85
304.323,409.587
308.254,408.85
304.323,409.587
308.072,407.872
304.139,408.598
307.893,406.894
303.958,407.609
307.717,405.915
303.779,406.619
307.543,404.935
303.604,405.63
307.371,403.955
303.43,404.64
307.202,402.975
303.26,403.65
307.035,401.993
303.091,402.659
306.871,401.011
302.925,401.669
306.708,400.029
302.761,400.678
306.547,399.046
302.599,399.687
306.547,399.046
302.599,399.687
306.389,398.062
302.439,398.696
306.232,397.079
302.281,397.705
306.076,396.094
302.125,396.714
305.923,395.109
301.97,395.723
305.771,394.124
301.817,394.731
305.62,393.138
301.665,393.74
305.471,392.152
301.515,392.749
305.322,391.166
301.366,391.757
305.176,390.179
301.219,390.766
305.03,389.192
301.072,389.775
305.03,389.192
301.072,389.775
304.885,388.204
300.927,388.783
304.741,387.216
300.782,387.792
304.597,386.228
300.638,386.801
304.455,385.24
300.495,385.81
304.313,384.251
300.353,384.819
304.171,383.262
300.211,383.828
304.03,382.273
300.07,382.837
303.889,381.284
299.929,381.847
303.748,380.294
299.788,380.856
303.608,379.304
299.648,379.866
303.608,379.304
299.648,379.866
303.467,378.314
299.507,378.876
303.327,377.324
299.367,377.886
303.186,376.333
299.226,376.896
303.045,375.342
299.085,375.907
302.903,374.351
298.944,374.919
302.76,373.359
298.801,373.932
302.616,372.366
298.658,372.945
302.47,371.374
298.513,371.959
302.322,370.381
298.366,370.973
302.172,369.388
298.218,369.989
302.172,369.388
298.218,369.989
302.02,368.394
298.067,369.005
301.865,367.401
297.914,368.023
301.707,366.407
297.758,367.041
301.546,365.413
297.598,366.061
301.381,364.42
297.436,365.081
301.212,363.426
297.27,364.103
301.04,362.433
297.1,363.126
300.863,361.44
296.926,362.15
300.681,360.447
296.748,361.176
300.494,359.454
296.565,360.203
300.494,359.454
296.565,360.203
300.303,358.462
296.377,359.231
300.106,357.47
296.185,358.261
299.903,356.479
295.986,357.293
299.694,355.489
295.782,356.327
299.478,354.499
295.572,355.362
299.256,353.51
295.356,354.399
299.028,352.523
295.134,353.438
298.792,351.536
294.905,352.48
298.549,350.551
294.669,351.524
298.298,349.567
294.426,350.57
298.298,349.567
294.426,350.57
298.039,348.584
294.175,349.618
297.772,347.603
293.917,348.669
297.497,346.624
293.651,347.723
297.213,345.646
293.377,346.78
296.92,344.671
293.095,345.84
296.618,343.698
292.804,344.903
296.306,342.728
292.504,343.969
295.985,341.76
292.195,343.039
295.654,340.794
291.877,342.112
295.312,339.832
291.55,341.19
295.312,339.832
291.55,341.19
294.96,338.873
291.213,340.271
294.598,337.917
290.866,339.357
294.224,336.965
290.509,338.447
293.839,336.017
290.142,337.542
293.443,335.073
289.764,336.642
293.036,334.133
289.376,335.747
292.616,333.198
288.977,334.858
292.185,332.268
288.567,333.973
291.741,331.342
288.146,333.095
291.285,330.423
287.714,332.223
291.285,330.423
287.714,332.223
290.817,329.509
287.27,331.358
290.335,328.6
286.814,330.498
289.841,327.699
286.347,329.646
289.334,326.804
285.868,328.802
288.813,325.916
285.377,327.964
288.279,325.035
284.874,327.135
287.731,324.162
284.359,326.314
287.17,323.297
283.832,325.501
286.595,322.441
283.292,324.697
286.006,321.593
282.74,323.902
286.006,321.593
282.74,323.902
285.403,320.755
282.175,323.117
284.786,319.926
281.598,322.341
284.156,319.108
281.007,321.575
283.513,318.301
280.404,320.818
282.857,317.504
279.789,320.071
282.189,316.718
279.161,319.333
281.509,315.944
278.522,318.604
280.819,315.179
277.872,317.884
280.117,314.426
277.21,317.174
279.405,313.684
276.538,316.473
279.405,313.684
276.538,316.473
278.682,312.952
275.855,315.782
277.95,312.231
275.163,315.1
277.208,311.52
274.46,314.427
276.457,310.82
273.749,313.763
275.697,310.13
273.028,313.109
274.929,309.45
272.298,312.463
274.153,308.781
271.56,311.826
273.369,308.121
270.813,311.198
272.577,307.472
270.059,310.579
271.779,306.832
269.296,309.969
271.779,306.832
269.296,309.969
270.973,306.202
268.527,309.367
270.161,305.581
267.75,308.773
269.342,304.97
266.966,308.188
268.517,304.368
266.175,307.61
267.687,303.774
265.379,307.041
266.851,303.19
264.575,306.48
266.009,302.614
263.766,305.926
265.163,302.047
262.951,305.38
264.312,301.488
262.131,304.841
263.456,300.936
261.305,304.309
263.456,300.936
261.305,304.309
262.596,300.393
260.474,303.784
261.732,299.857
259.639,303.266
260.864,299.329
258.798,302.755
259.992,298.808
257.953,302.25
259.117,298.294
257.104,301.751
258.238,297.787
256.251,301.258
257.356,297.286
255.393,300.771
256.472,296.792
254.532,300.29
255.584,296.303
253.667,299.814
254.695,295.821
252.799,299.343
254.695,295.821
252.799,299.343
253.802,295.344
251.927,298.877
252.908,294.873
251.053,298.416
252.011,294.406
250.175,297.96
251.113,293.945
249.294,297.508
250.212,293.488
248.411,297.06
249.31,293.036
247.525,296.615
248.407,292.588
246.637,296.175
247.502,292.143
245.746,295.737
246.596,291.703
244.853,295.303
245.69,291.266
243.959,294.872
245.69,291.266
243.959,294.872
244.782,290.832
243.062,294.443
243.873,290.401
242.164,294.017
242.964,289.972
241.264,293.593
242.054,289.546
240.362,293.171
241.144,289.123
239.459,292.751
240.233,288.701
238.555,292.332
239.323,288.281
237.65,291.914
238.412,287.862
236.743,291.497
237.502,287.444
235.836,291.081
236.591,287.028
234.928,290.665
236.591,287.028
234.928,290.665
235.681,286.612
234.019,290.25
234.772,286.196
233.109,289.834
233.862,285.78
232.2,289.419
232.952,285.365
231.29,289.003
232.043,284.949
230.381,288.587
231.133,284.534
229.471,288.172
230.224,284.118
228.561,287.756
229.314,283.703
227.652,287.341
228.405,283.287
226.742,286.925
227.495,282.871
225.833,286.51
227.495,282.871
225.833,286.51
226.586,282.456
224.923,286.094
225.676,282.04
224.014,285.678
224.766,281.625
223.104,285.263
223.857,281.209
222.195,284.847
222.947,280.793
221.285,284.432
222.038,280.378
220.375,284.016
221.128,279.962
219.466,283.6
220.219,279.547
218.556,283.185
219.309,279.131
217.647,282.769
218.4,278.716
216.737,282.354
218.4,278.716
216.737,282.354
217.49,278.3
215.828,281.938
216.58,277.884
214.918,281.523
215.671,277.469
214.009,281.107
214.761,277.053
213.099,280.691
213.852,276.638
212.189,280.276
212.942,276.222
211.28,279.86
212.033,275.806
210.37,279.445
211.123,275.391
209.461,279.029
210.214,274.975
208.551,278.614
209.304,274.56
207.642,278.198
209.304,274.56
207.642,278.198
208.394,274.144
206.732,277.782
207.485,273.729
205.823,277.367
206.575,273.313
204.913,276.951
205.666,272.897
204.003,276.536
204.756,272.482
203.094,276.12
203.847,272.066
202.184,275.704
202.937,271.651
201.275,275.289
202.028,271.235
200.365,274.873
201.118,270.819
199.456,274.458
200.208,270.404
198.546,274.042
200.208,270.404
198.546,274.042
199.299,269.988
197.637,273.627
198.389,269.573
196.727,273.211
197.48,269.157
195.817,272.795
196.57,268.742
194.908,272.38
195.661,268.326
193.998,271.964
194.751,267.91
193.089,271.549
193.842,267.495
192.179,271.133
192.932,267.079
191.27,270.717
192.022,266.664
190.36,270.302
191.113,266.248
189.451,269.886
191.113,266.248
189.451,269.886
190.203,265.832
188.541,269.471
189.294,265.417
187.631,269.055
188.384,265.001
186.722,268.64
187.475,264.586
185.812,268.224
186.565,264.17
184.903,267.808
185.656,263.755
183.993,267.393
184.746,263.339
183.084,266.977
183.836,262.923
182.174,266.562
182.927,262.508
181.265,266.146
182.017,262.092
180.355,265.73
182.017,262.092
180.355,265.73
181.108,261.677
179.445,265.315
180.198,261.261
178.536,264.899
179.289,260.846
177.626,264.484
178.379,260.43
176.717,264.068
177.47,260.014
175.807,263.653
176.56,259.599
174.898,263.237
175.65,259.183
173.988,262.821
174.741,258.768
173.079,262.406
173.831,258.352
172.169,261.99
172.922,257.936
171.259,261.575
172.922,257.936
171.259,261.575
172.012,257.521
170.35,261.159
171.103,257.105
169.44,260.743
170.193,256.69
168.531,260.328
169.284,256.274
167.621,259.912
168.374,255.859
166.712,259.497
167.464,255.443
165.802,259.081
166.554,255.027
164.893,258.666
165.644,254.612
163.984,258.251
164.732,254.197
163.076,257.838
163.819,253.782
162.167,257.425
163.819,253.782
162.167,257.425
162.906,253.368
161.259,257.014
161.991,252.956
160.35,256.604
161.075,252.545
159.441,256.196
160.158,252.136
158.532,255.79
159.239,251.728
157.623,255.387
158.319,251.323
156.712,254.986
157.397,250.92
155.802,254.588
156.473,250.52
154.89,254.194
155.548,250.123
153.978,253.802
154.62,249.73
153.064,253.415
154.62,249.73
153.064,253.415
153.69,249.339
152.15,253.031
152.759,248.953
151.234,252.651
151.824,248.57
150.318,252.276
150.888,248.192
149.4,251.905
149.949,247.819
148.48,251.539
149.007,247.45
147.559,251.179
148.063,247.087
146.637,250.824
147.117,246.729
145.713,250.474
146.167,246.376
144.788,250.131
145.215,246.03
143.86,249.794
145.215,246.03
143.86,249.794
144.26,245.69
142.931,249.463
143.302,245.357
142,249.139
142.341,245.03
141.068,248.822
141.377,244.711
140.133,248.512
140.41,244.399
139.197,248.21
139.44,244.094
138.259,247.916
138.466,243.798
137.318,247.63
137.49,243.511
136.376,247.352
136.511,243.231
135.432,247.083
135.529,242.961
134.486,246.823
135.529,242.961
134.486,246.823
134.543,242.7
133.538,246.572
133.555,242.449
132.588,246.331
132.563,242.208
131.637,246.099
131.568,241.976
130.683,245.877
130.571,241.756
129.728,245.666
129.571,241.546
128.771,245.465
128.567,241.347
127.812,245.275
127.561,241.16
126.852,245.096
126.553,240.984
125.89,244.929
125.541,240.821
124.927,244.773
125.541,240.821
124.927,244.773
124.528,240.67
123.963,244.63
123.511,240.531
122.997,244.498
122.493,240.406
122.031,244.379
121.473,240.294
121.063,244.273
120.45,240.196
120.095,244.18
119.426,240.112
119.126,244.101
118.4,240.042
118.156,244.035
117.373,239.987
117.187,243.982
116.344,239.946
116.217,243.944
115.314,239.921
115.247,243.921
115.314,239.921
115.247,243.921
114.284,239.912
114.278,243.912
113.253,239.918
113.309,243.918
112.221,239.941
112.341,243.939
111.19,239.98
111.373,243.976
110.159,240.036
110.408,244.028
109.128,240.108
109.443,244.096
108.099,240.198
108.48,244.18
107.073,240.305
107.517,244.28
106.048,240.427
106.556,244.395
105.026,240.566
105.596,244.526
105.026,240.566
105.596,244.526
104.007,240.721
104.637,244.671
102.992,240.891
103.681,244.831
101.979,241.076
102.726,245.005
100.969,241.275
101.773,245.193
99.9635,241.489
100.823,245.396
98.9612,241.717
99.875,245.611
97.9627,241.958
98.9296,245.84
96.9682,242.213
97.9868,246.081
95.9776,242.481
97.0467,246.335
94.9911,242.762
96.1095,246.602
94.9911,242.762
96.1095,246.602
94.0087,243.054
95.1752,246.88
93.0306,243.359
94.2439,247.171
92.0568,243.676
93.3156,247.472
91.0873,244.003
92.3904,247.785
90.1222,244.342
91.4684,248.109
89.1615,244.692
90.5496,248.443
88.2052,245.051
89.634,248.787
87.2533,245.421
88.7217,249.142
86.3059,245.801
87.8125,249.506
85.3629,246.19
86.9066,249.88
85.3629,246.19
86.9066,249.88
84.4244,246.588
86.004,250.263
83.4901,246.995
85.1045,250.654
82.5603,247.41
84.2083,251.055
81.6347,247.833
83.3152,251.463
80.7134,248.265
82.4252,251.88
79.7963,248.704
81.5383,252.305
78.8834,249.15
80.6544,252.737
77.9745,249.603
79.7735,253.176
77.0696,250.063
78.8955,253.622
76.1687,250.53
78.0204,254.075
76.1687,250.53
78.0204,254.075
75.2716,251.002
77.148,254.535
74.3782,251.481
76.2782,255
73.4885,251.965
75.4111,255.472
72.6023,252.454
74.5464,255.95
71.7195,252.948
73.6842,256.433
70.8401,253.447
72.8242,256.921
69.9639,253.951
71.9665,257.414
69.0908,254.459
71.1108,257.911
68.2207,254.971
70.2571,258.414
67.3535,255.486
69.4053,258.92
67.3535,255.486
69.4053,258.92
66.4889,256.006
68.5552,259.431
65.627,256.528
67.7067,259.945
64.7675,257.053
66.8597,260.462
63.9103,257.581
66.014,260.983
63.0554,258.112
65.1696,261.507
62.2024,258.645
64.3262,262.034
61.3514,259.179
63.4838,262.564
60.5021,259.716
62.6422,263.095
59.6545,260.254
61.8012,263.629
58.8083,260.793
60.9608,264.164
58.8083,260.793
60.9608,264.164
57.9634,261.333
60.1208,264.702
57.1197,261.874
59.2809,265.24
56.277,262.416
58.4412,265.78
55.4352,262.958
57.6014,266.321
54.5941,263.5
56.7614,266.862
53.7535,264.042
55.921,267.404
52.913,264.584
55.0806,267.946
52.0726,265.126
54.2401,268.488
51.2321,265.668
53.3996,269.03
50.3917,266.21
52.5592,269.571
50.3917,266.21
52.5592,269.571
49.5512,266.751
51.7187,270.113
48.7108,267.293
50.8783,270.655
47.8703,267.835
50.0378,271.197
47.0298,268.377
49.1974,271.739
46.1894,268.919
48.3569,272.281
45.3489,269.461
47.5164,272.823
44.5086,270.003
46.6759,273.365
43.6682,270.544
45.8352,273.906
42.8279,271.086
44.9944,274.448
41.9876,271.627
44.1533,274.99
41.9876,271.627
44.1533,274.99
41.1472,272.168
43.312,275.532
40.3068,272.709
42.4705,276.073
39.4663,273.249
41.6286,276.614
38.6256,273.789
40.7865,277.155
37.7848,274.329
39.944,277.696
36.9438,274.867
39.1011,278.236
36.1026,275.406
38.2578,278.776
35.2611,275.944
37.414,279.315
34.4193,276.481
36.5698,279.854
33.5773,277.017
35.725,280.392
33.5773,277.017
35.725,280.392
32.7349,277.553
34.8797,280.929
31.8921,278.088
34.0339,281.466
31.0489,278.622
33.1875,282.002
30.2052,279.155
32.3404,282.537
29.3612,279.687
31.4927,283.072
28.5166,280.218
30.6442,283.605
27.6715,280.748
29.7951,284.138
26.8258,281.277
28.9452,284.67
25.9796,281.805
28.0946,285.201
25.1328,282.332
27.2431,285.73
25.1328,282.332
27.2431,285.73
24.2853,282.858
26.3908,286.259
23.4372,283.382
25.5377,286.786
22.5884,283.905
24.6837,287.312
21.7389,284.426
23.8287,287.837
20.8886,284.946
22.9728,288.36
20.0375,285.465
22.1159,288.882
19.1857,285.982
21.258,289.403
18.333,286.497
20.3991,289.922
17.4795,287.011
19.5392,290.44
16.6251,287.523
18.6781,290.956
16.6251,287.523
18.6781,290.956
15.7697,288.034
17.816,291.471
14.9135,288.542
16.9527,291.983
14.0563,289.049
16.0882,292.494
13.1981,289.554
15.2226,293.004
12.3389,290.057
14.3558,293.511
11.4787,290.558
13.4877,294.017
10.6174,291.057
12.6183,294.52
9.75508,291.553
11.7477,295.022
8.89163,292.048
10.8758,295.521
8.02706,292.54
10.0025,296.019
8.02706,292.54
10.0025,296.019
7.16135,293.031
9.12784,296.514
6.29446,293.519
8.25183,297.007
5.42639,294.004
7.37442,297.498
4.55711,294.487
6.49558,297.986
3.6866,294.968
5.61529,298.472
2.81483,295.446
4.73354,298.956
1.94179,295.922
3.8503,299.437
1.06747,296.395
2.96555,299.916
0.191829,296.865
2.07928,300.392
-0.685137,297.333
1.19145,300.865
-0.685137,297.333
1.19145,300.865
-1.56345,297.798
0.302063,301.336
-2.44313,298.26
-0.588913,301.804
-3.32418,298.719
-1.48149,302.269
-4.20664,299.175
-2.37569,302.731
-5.09051,299.628
-3.27153,303.191
-5.97581,300.078
-4.16902,303.647
-6.86255,300.525
-5.06818,304.1
-7.75076,300.969
-5.96902,304.55
-8.64043,301.41
-6.87157,304.997
-9.53159,301.847
-7.77583,305.441
-9.53159,301.847
-7.77583,305.441
-10.4243,302.281
-8.68181,305.882
-11.3184,302.712
-9.58954,306.319
-12.2141,303.139
-10.499,306.753
-13.1113,303.563
-11.4103,307.183
-14.0101,303.983
-12.3233,307.61
-14.9104,304.399
-13.2381,308.033
-15.8123,304.812
-14.1547,308.453
-16.7158,305.221
-15.0731,308.869
-17.6208,305.627
-15.9934,309.281
-18.5275,306.028
-16.9154,309.689
-18.5275,306.028
-16.9154,309.689
-19.4357,306.426
-17.8393,310.094
-20.3455,306.82
-18.765,310.494
-21.2569,307.209
-19.6926,310.891
-22.17,307.595
-20.622,311.283
-23.0846,307.976
-21.5533,311.672
-24.0008,308.354
-22.4864,312.056
-24.9187,308.727
-23.4214,312.436
-25.8382,309.095
-24.3583,312.811
-26.7593,309.46
-25.297,313.183
-27.682,309.819
-26.2376,313.55
-27.682,309.819
-26.2376,313.55
-28.6064,310.175
-27.18,313.912
-29.5323,310.526
-28.1243,314.27
-30.4599,310.872
-29.0705,314.623
-31.3891,311.213
-30.0185,314.971
-32.3199,311.55
-30.9684,315.315
-33.2522,311.882
-31.9201,315.654
-34.1862,312.209
-32.8736,315.988
-35.1218,312.532
-33.8291,316.317
-36.0589,312.849
-34.7863,316.641
-36.9976,313.161
-35.7454,316.96
-36.9976,313.161
-35.7454,316.96
-37.9379,313.468
-36.7062,317.274
-38.8797,313.77
-37.6689,317.583
-39.8231,314.067
-38.6334,317.886
-40.768,314.358
-39.5996,318.184
-41.7144,314.645
-40.5677,318.477
-42.6623,314.925
-41.5374,318.764
-43.6116,315.201
-42.509,319.046
-44.5625,315.47
-43.4822,319.322
-45.5148,315.734
-44.4572,319.592
-46.4685,315.993
-45.4338,319.857
-46.4685,315.993
-45.4338,319.857
-47.4237,316.245
-46.4121,320.115
-48.3802,316.492
-47.3921,320.368
-49.3381,316.734
-48.3737,320.616
-50.2974,316.969
-49.3569,320.857
-51.258,317.198
-50.3417,321.092
-52.2199,317.421
-51.328,321.32
-53.183,317.638
-52.3159,321.543
-54.1475,317.849
-53.3053,321.76
-55.1131,318.054
-54.2961,321.97
-56.0799,318.252
-55.2885,322.173
-56.0799,318.252
-55.2885,322.173
-57.0479,318.444
-56.2822,322.37
-58.0171,318.63
-57.2773,322.561
-58.9873,318.809
-58.2738,322.745
-59.9586,318.982
-59.2716,322.923
-60.9309,319.148
-60.2707,323.093
-61.9042,319.308
-61.2711,323.257
-62.8785,319.46
-62.2727,323.414
-63.8537,319.606
-63.2754,323.564
-64.8298,319.745
-64.2793,323.707
-65.8068,319.878
-65.2843,323.843
-65.8068,319.878
-65.2843,323.843
-66.7845,320.003
-66.2903,323.972
-67.763,320.121
-67.2974,324.094
-68.7422,320.232
-68.3054,324.208
-69.7221,320.336
-69.3143,324.316
-70.7026,320.433
-70.3242,324.415
-71.6837,320.523
-71.3348,324.508
-72.6653,320.605
-72.3462,324.592
-73.6474,320.68
-73.3583,324.67
-74.6299,320.747
-74.3711,324.739
-75.6128,320.807
-75.3845,324.801
-75.6128,320.807
-75.3845,324.801
-76.5959,320.86
-76.3985,324.855
-77.5794,320.905
-77.413,324.901
-78.5631,320.942
-78.4279,324.939
-79.5469,320.971
-79.4432,324.97
-80.5308,320.993
-80.4588,324.992
-81.5147,321.006
-81.4747,325.006
-82.4986,321.012
-82.4907,325.012
-83.4823,321.01
-83.507,325.01
-84.466,321
-84.5232,325
-85.4494,320.982
-85.5395,324.981
-85.4494,320.982
-85.5395,324.981
-86.4325,320.956
-86.5557,324.954
-87.4152,320.922
-87.5717,324.918
-88.3975,320.879
-88.5875,324.874
-89.3793,320.828
-89.6031,324.822
-90.3605,320.769
-90.6182,324.761
-91.341,320.701
-91.6329,324.691
-92.3208,320.625
-92.6471,324.612
-93.2999,320.541
-93.6607,324.525
-94.278,320.448
-94.6736,324.428
-95.2551,320.347
-95.6858,324.323
-95.2551,320.347
-95.6858,324.323
-96.2313,320.237
-96.6971,324.209
-97.2062,320.118
-97.7074,324.086
-98.18,319.99
-98.7167,323.954
-99.1525,319.854
-99.7249,323.813
-100.124,319.709
-100.732,323.663
-101.093,319.556
-101.738,323.503
-102.061,319.393
-102.742,323.335
-103.028,319.222
-103.745,323.157
-103.992,319.041
-104.746,322.97
-104.955,318.852
-105.746,322.773
-104.955,318.852
-105.746,322.773
-105.916,318.653
-106.743,322.567
-106.875,318.446
-107.739,322.351
-107.832,318.229
-108.733,322.127
-108.786,318.004
-109.725,321.892
-109.738,317.769
-110.715,321.648
-110.688,317.525
-111.702,321.394
-111.635,317.272
-112.687,321.131
-112.58,317.009
-113.669,320.858
-113.522,316.738
-114.649,320.576
-114.461,316.457
-115.626,320.283
-114.461,316.457
-115.626,320.283
-115.397,316.167
-116.601,319.981
-116.33,315.867
-117.572,319.669
-117.26,315.558
-118.54,319.348
-118.186,315.24
-119.505,319.016
-119.109,314.912
-120.467,318.675
-120.029,314.575
-121.425,318.324
-120.945,314.229
-122.379,317.963
-121.857,313.873
-123.33,317.592
-122.765,313.507
-124.278,317.211
-123.67,313.133
-125.221,316.82
-123.67,313.133
-125.221,316.82
-124.57,312.748
-126.16,316.419
-125.466,312.355
-127.095,316.008
-126.358,311.951
-128.025,315.587
-127.245,311.539
-128.952,315.156
-128.128,311.116
-129.873,314.716
-129.006,310.685
-130.79,314.265
-129.879,310.244
-131.702,313.804
-130.747,309.793
-132.609,313.333
-131.61,309.333
-133.511,312.852
-132.468,308.864
-134.408,312.362
-132.468,308.864
-134.408,312.362
-133.32,308.385
-135.299,311.861
-134.167,307.896
-136.185,311.35
-135.008,307.399
-137.065,310.83
-135.844,306.891
-137.939,310.299
-136.673,306.375
-138.807,309.758
-137.497,305.849
-139.669,309.208
-138.314,305.314
-140.525,308.648
-139.125,304.769
-141.374,308.077
-139.93,304.215
-142.217,307.497
-140.728,303.652
-143.053,306.907
-140.728,303.652
-143.053,306.907
-141.52,303.08
-143.882,306.308
-142.304,302.499
-144.705,305.698
-143.082,301.908
-145.52,305.079
-143.852,301.308
-146.328,304.45
-144.615,300.7
-147.128,303.812
-145.371,300.082
-147.921,303.164
-146.119,299.455
-148.706,302.506
-146.859,298.82
-149.483,301.839
-147.591,298.175
-150.252,301.162
-148.316,297.522
-151.013,300.476
-148.316,297.522
-151.013,300.476
-149.032,296.86
-151.765,299.781
-149.74,296.189
-152.509,299.076
-150.44,295.51
-153.244,298.362
-151.131,294.822
-153.971,297.639
-151.814,294.125
-154.688,296.907
-152.487,293.421
-155.396,296.166
-153.152,292.707
-156.095,295.416
-153.807,291.986
-156.785,294.657
-154.453,291.256
-157.465,293.889
-155.09,290.519
-158.135,293.113
-155.09,290.519
-158.135,293.113
-155.717,289.773
-158.795,292.328
-156.334,289.019
-159.445,291.534
-156.942,288.258
-160.085,290.732
-157.539,287.489
-160.714,289.922
-158.126,286.712
-161.333,289.103
-158.703,285.928
-161.941,288.277
-159.27,285.136
-162.538,287.442
-159.826,284.337
-163.124,286.599
-160.371,283.53
-163.699,285.749
-160.905,282.717
-164.263,284.891
-160.905,282.717
-164.263,284.891
-161.429,281.896
-164.815,284.025
-161.941,281.069
-165.356,283.152
-162.442,280.235
-165.885,282.272
-162.931,279.395
-166.402,281.384
-163.409,278.547
-166.907,280.489
-163.876,277.694
-167.399,279.588
-164.33,276.834
-167.879,278.679
-164.773,275.968
-168.347,277.764
-165.203,275.097
-168.802,276.843
-165.622,274.219
-169.244,275.915
-165.622,274.219
-169.244,275.915
-166.027,273.336
-169.674,274.981
-166.421,272.447
-170.09,274.041
-166.802,271.553
-170.493,273.095
-167.17,270.654
-170.882,272.143
-167.525,269.75
-171.258,271.186
-167.868,268.84
-171.621,270.223
-168.197,267.926
-171.969,269.256
-168.514,267.007
-172.304,268.284
-168.818,266.083
-172.626,267.308
-169.11,265.155
-172.934,266.329
-169.11,265.155
-172.934,266.329
-169.389,264.223
-173.228,265.345
-169.656,263.286
-173.51,264.358
-169.911,262.346
-173.778,263.368
-170.154,261.402
-174.034,262.375
-170.386,260.455
-174.277,261.38
-170.605,259.505
-174.508,260.382
-170.814,258.551
-174.727,259.381
-171.01,257.595
-174.933,258.378
-171.196,256.636
-175.127,257.374
-171.371,255.675
-175.31,256.367
-171.371,255.675
-175.31,256.367
-171.534,254.711
-175.482,255.359
-171.687,253.745
-175.642,254.35
-171.83,252.777
-175.79,253.339
-171.962,251.808
-175.928,252.327
-172.084,250.836
-176.055,251.314
-172.196,249.863
-176.172,250.3
-172.298,248.889
-176.278,249.286
-172.391,247.913
-176.375,248.271
-172.474,246.935
-176.461,247.255
-172.547,245.957
-176.538,246.239
-172.547,245.957
-176.538,246.239
-172.612,244.978
-176.605,245.223
-172.668,243.997
-176.662,244.206
-172.715,243.016
-176.711,243.19
-172.753,242.034
-176.751,242.174
-172.784,241.051
-176.782,241.157
-172.806,240.068
-176.805,240.141
-172.82,239.084
-176.82,239.125
-172.826,238.1
-176.826,238.11
-172.825,237.115
-176.825,237.094
-172.816,236.129
-176.816,236.08
-172.816,236.129
-176.816,236.08
-172.8,235.144
-176.8,235.066
-172.778,234.158
-176.776,234.052
-172.748,233.172
-176.746,233.039
-172.712,232.186
-176.709,232.026
-172.669,231.2
-176.665,231.015
-172.62,230.213
-176.615,230.003
-172.566,229.227
-176.559,228.993
-172.505,228.24
-176.497,227.984
-172.439,227.253
-176.429,226.975
-172.367,226.266
-176.356,225.967
-172.367,226.266
-176.356,225.967
-172.291,225.28
-176.278,224.959
-172.209,224.293
-176.195,223.953
-172.122,223.306
-176.106,222.947
-172.031,222.319
-176.014,221.943
-171.936,221.333
-175.916,220.939
-171.836,220.346
-175.815,219.936
-171.732,219.359
-175.71,218.933
-171.625,218.372
-175.6,217.932
-171.514,217.386
-175.488,216.931
-171.399,216.399
-175.372,215.931
-171.399,216.399
-175.372,215.931
-171.281,215.412
-175.252,214.932
-171.161,214.425
-175.13,213.934
-171.037,213.438
-175.005,212.936
-170.911,212.451
-174.878,211.939
-170.782,211.464
-174.748,210.943
-170.652,210.477
-174.616,209.948
-170.519,209.49
-174.483,208.953
-170.384,208.502
-174.347,207.959
-170.248,207.514
-174.21,206.965
-170.11,206.526
-174.072,205.972
-170.11,206.526
-174.072,205.972
-169.972,205.538
-173.933,204.98
-169.832,204.55
-173.792,203.988
-169.691,203.561
-173.651,202.997
-169.55,202.572
-173.51,202.006
-169.409,201.582
-173.368,201.016
-169.267,200.593
-173.226,200.026
-169.125,199.603
-173.085,199.036
-168.983,198.613
-172.943,198.046
-168.842,197.623
-172.801,197.056
-168.7,196.633
-172.659,196.066
-168.7,196.633
-172.659,196.066
-168.558,195.643
-172.518,195.076
-168.416,194.653
-172.376,194.086
-168.275,193.663
-172.234,193.096
-168.133,192.673
-172.092,192.106
-167.991,191.684
-171.951,191.116
-167.849,190.694
-171.809,190.127
-167.707,189.704
-171.667,189.137
-167.566,188.714
-171.525,188.147
-167.424,187.724
-171.384,187.157
-167.282,186.734
-171.242,186.167
-167.282,186.734
-171.242,186.167
-167.14,185.744
-171.1,185.177
-166.999,184.754
-170.958,184.187
-166.857,183.764
-170.816,183.197
-166.715,182.774
-170.675,182.207
-166.573,181.785
-170.533,181.217
-166.432,180.795
-170.391,180.228
-166.29,179.805
-170.249,179.238
-166.148,178.815
-170.108,178.248
-166.006,177.825
-169.966,177.258
-165.864,176.835
-169.824,176.268
-165.864,176.835
-169.824,176.268
-165.723,175.845
-169.682,175.278
-165.581,174.855
-169.541,174.288
-165.439,173.865
-169.399,173.298
-165.297,172.875
-169.257,172.308
-165.156,171.886
-169.115,171.318
-165.014,170.896
-168.973,170.329
-164.872,169.906
-168.832,169.339
-164.73,168.916
-168.69,168.349
-164.589,167.926
-168.548,167.359
-164.447,166.936
-168.406,166.369
-164.447,166.936
-168.406,166.369
-164.305,165.946
-168.265,165.379
-164.163,164.956
-168.123,164.389
-164.021,163.966
-167.981,163.399
-163.88,162.976
-167.839,162.409
-163.738,161.987
-167.698,161.419
-163.596,160.997
-167.556,160.43
-163.454,160.007
-167.414,159.44
-163.313,159.017
-167.272,158.45
-163.171,158.027
-167.13,157.46
-163.029,157.037
-166.989,156.47
-163.029,157.037
-166.989,156.47
-162.887,156.047
-166.847,155.48
-162.746,155.057
-166.705,154.49
-162.604,154.067
-166.563,153.5
-162.462,153.077
-166.422,152.51
-162.32,152.088
-166.28,151.521
-162.178,151.098
-166.138,150.531
-162.037,150.108
-165.996,149.541
-161.895,149.118
-165.855,148.551
-161.753,148.128
-165.713,147.561
-161.611,147.138
-165.571,146.571
-161.611,147.138
-165.571,146.571
-161.47,146.148
-165.429,145.581
-161.328,145.158
-165.287,144.591
-161.186,144.168
-165.146,143.601
-161.044,143.178
-165.004,142.611
-160.903,142.189
-164.862,141.622
-160.761,141.199
-164.72,140.632
-160.619,140.209
-164.579,139.642
-160.477,139.219
-164.437,138.652
-160.336,138.229
-164.295,137.662
-160.194,137.239
-164.153,136.672
-160.194,137.239
-164.153,136.672
-160.052,136.249
-164.012,135.682
-159.91,135.259
-163.87,134.692
-159.768,134.269
-163.728,133.702
-159.627,133.279
-163.586,132.712
-159.485,132.29
-163.445,131.723
-159.343,131.3
-163.303,130.733
-159.201,130.31
-163.161,129.743
-159.06,129.32
-163.019,128.753
-158.918,128.33
-162.877,127.763
-158.776,127.34
-162.736,126.773
-158.776,127.34
-162.736,126.773
-158.634,126.35
-162.594,125.783
-158.493,125.36
-162.452,124.793
-158.351,124.37
-162.31,123.803
-158.209,123.38
-162.169,122.813
-158.067,122.391
-162.027,121.824
-157.925,121.401
-161.885,120.834
-157.784,120.411
-161.743,119.844
-157.642,119.421
-161.602,118.854
-157.5,118.431
-161.46,117.864
-157.358,117.441
-161.318,116.874
-157.358,117.441
-161.318,116.874
-157.217,116.451
-161.176,115.884
-157.075,115.461
-161.034,114.894
-156.933,114.471
-160.893,113.904
-156.791,113.481
-160.751,112.914
-156.65,112.492
-160.609,111.925
-156.508,111.502
-160.467,110.935
-156.366,110.512
-160.326,109.945
-156.224,109.522
-160.184,108.955
-156.082,108.532
-160.042,107.965
-155.941,107.542
-159.9,106.975
-155.941,107.542
-159.9,106.975
-155.799,106.552
-159.759,105.985
-155.657,105.562
-159.617,104.995
-155.515,104.572
-159.475,104.005
-155.374,103.582
-159.333,103.015
-155.232,102.593
-159.191,102.026
-155.09,101.603
-159.05,101.036
-154.948,100.613
-158.908,100.046
-154.807,99.6229
-158.766,99.0558
-154.665,98.633
-158.624,98.0659
-154.523,97.6431
-158.483,97.076
-154.523,97.6431
-158.483,97.076
-154.381,96.6535
-158.341,96.0858
-154.239,95.6645
-158.199,95.0951
-154.097,94.6761
-158.056,94.1039
-153.954,93.6884
-157.912,93.1123
-153.809,92.7015
-157.767,92.1203
-153.664,91.7153
-157.62,91.1279
-153.517,90.73
-157.472,90.1352
-153.367,89.7455
-157.322,89.1422
-153.216,88.7619
-157.169,88.1491
-153.063,87.7793
-157.014,87.1557
-153.063,87.7793
-157.014,87.1557
-152.906,86.7977
-156.855,86.1622
-152.747,85.8171
-156.694,85.1687
-152.584,84.8377
-156.529,84.1752
-152.418,83.8594
-156.36,83.1817
-152.248,82.8824
-156.187,82.1883
-152.074,81.9066
-156.01,81.1952
-151.895,80.9323
-155.828,80.2023
-151.712,79.9594
-155.641,79.2097
-151.524,78.9879
-155.449,78.2175
-151.331,78.0181
-155.252,77.2259
-151.331,78.0181
-155.252,77.2259
-151.132,77.05
-155.049,76.2348
-150.928,76.0836
-154.839,75.2444
-150.718,75.1191
-154.624,74.2547
-150.502,74.1566
-154.401,73.266
-150.279,73.1961
-154.172,72.2782
-150.049,72.2378
-153.936,71.2916
-149.813,71.2818
-153.692,70.3062
-149.569,70.3282
-153.44,69.3221
-149.318,69.3771
-153.181,68.3395
-149.059,68.4287
-152.913,67.3586
-149.059,68.4287
-152.913,67.3586
-148.792,67.4831
-152.636,66.3795
-148.516,66.5404
-152.351,65.4022
-148.233,65.6009
-152.057,64.4271
-147.941,64.6646
-151.753,63.4543
-147.639,63.7317
-151.44,62.4839
-147.329,62.8024
-151.117,61.5161
-147.009,61.8769
-150.783,60.5512
-146.68,60.9554
-150.44,59.5894
-146.341,60.0381
-150.085,58.6307
-145.992,59.1251
-149.72,57.6756
-145.992,59.1251
-149.72,57.6756
-145.633,58.2167
-149.344,56.7241
-145.263,57.3131
-148.956,55.7766
-144.883,56.4145
-148.557,54.8333
-144.492,55.5212
-148.146,53.8945
-144.09,54.6334
-147.723,52.9603
-143.677,53.7513
-147.288,52.0312
-143.253,52.8753
-146.841,51.1074
-142.817,52.0056
-146.38,50.1891
-142.369,51.1424
-145.907,49.2767
-141.91,50.2861
-145.421,48.3705
-141.91,50.2861
-145.421,48.3705
-141.439,49.4366
-144.922,47.4712
-140.955,48.5936
-144.411,46.5792
-140.46,47.7574
-143.887,45.6947
-139.953,46.9281
-143.351,44.8177
-139.434,46.1057
-142.802,43.9485
-138.904,45.2905
-142.242,43.087
-138.363,44.4824
-141.671,42.2335
-137.81,43.6815
-141.087,41.388
-137.247,42.8881
-140.493,40.5507
-136.673,42.1022
-139.887,39.7215
-136.673,42.1022
-139.887,39.7215
-136.088,41.3238
-139.271,38.9006
-135.493,40.5531
-138.644,38.0881
-134.888,39.7901
-138.006,37.2841
-134.273,39.035
-137.358,36.4887
-133.648,38.2877
-136.7,35.7018
-133.014,37.5484
-136.032,34.9236
-132.369,36.817
-135.354,34.1541
-131.716,36.0938
-134.667,33.3934
-131.053,35.3787
-133.97,32.6416
-130.381,34.6718
-133.264,31.8986
-130.381,34.6718
-133.264,31.8986
-129.701,33.9731
-132.549,31.1646
-129.012,33.2827
-131.825,30.4395
-128.314,32.6006
-131.093,29.7235
-127.608,31.9269
-130.352,29.0165
-126.894,31.2616
-129.603,28.3186
-126.172,30.6046
-128.846,27.6297
-125.442,29.9562
-128.08,26.95
-124.704,29.3162
-127.307,26.2795
-123.959,28.6847
-126.527,25.618
-123.206,28.0617
-125.739,24.9658
-123.206,28.0617
-125.739,24.9658
-122.446,27.4472
-124.943,24.3227
-121.679,26.8413
-124.141,23.6887
-120.905,26.2439
-123.332,23.064
-120.125,25.655
-122.516,22.4484
-119.337,25.0747
-121.693,21.842
-118.544,24.5029
-120.864,21.2447
-117.744,23.9397
-120.029,20.6566
-116.938,23.385
-119.187,20.0776
-116.125,22.8389
-118.34,19.5078
-115.307,22.3012
-117.487,18.947
-115.307,22.3012
-117.487,18.947
-114.483,21.772
-116.628,18.3953
-113.654,21.2514
-115.763,17.8526
-112.819,20.7392
-114.893,17.319
-111.979,20.2354
-114.018,16.7944
-111.133,19.74
-113.138,16.2787
-110.283,19.253
-112.253,15.7719
-109.427,18.7744
-111.363,15.274
-108.567,18.3041
-110.469,14.785
-107.702,17.8421
-109.569,14.3048
-106.832,17.3883
-108.666,13.8333
-106.832,17.3883
-108.666,13.8333
-105.958,16.9428
-107.758,13.3705
-105.08,16.5054
-106.846,12.9164
-104.197,16.0762
-105.93,12.4709
-103.311,15.655
-105.01,12.034
-102.42,15.2419
-104.087,11.6056
-101.526,14.8368
-103.159,11.1857
-100.627,14.4396
-102.228,10.7741
-99.7252,14.0504
-101.294,10.3709
-98.8197,13.669
-100.356,9.97591
-97.9108,13.2953
-99.4156,9.58918
-97.9108,13.2953
-99.4156,9.58918
-96.9985,12.9294
-98.4716,9.21059
-96.0829,12.5712
-97.5247,8.84009
-95.1642,12.2206
-96.5748,8.4776
-94.2424,11.8776
-95.6222,8.12306
-93.3177,11.542
-94.6669,7.77641
-92.3901,11.2139
-93.7089,7.43756
-91.4598,10.8932
-92.7485,7.10644
-90.5267,10.5797
-91.7857,6.78299
-89.5911,10.2735
-90.8205,6.46713
-88.6529,9.97448
-89.8531,6.15878
-88.6529,9.97448
-89.8531,6.15878
-87.7124,9.68254
-88.8836,5.85787
-86.7694,9.39764
-87.912,5.56431
-85.8242,9.11969
-86.9385,5.27804
-84.8768,8.84863
-85.9631,4.99896
-83.9272,8.58438
-84.9858,4.727
-82.9757,8.32688
-84.0069,4.46208
-82.0221,8.07603
-83.0262,4.20411
-81.0667,7.83178
-82.044,3.95302
-80.1094,7.59403
-81.0603,3.70871
-79.1503,7.36272
-80.0751,3.4711
-79.1503,7.36272
-80.0751,3.4711
-78.1895,7.13777
-79.0885,3.24011
-77.2271,6.91909
-78.1007,3.01565
-76.2631,6.70661
-77.1116,2.79763
-75.2976,6.50024
-76.1213,2.58597
-74.3306,6.29991
-75.1298,2.38058
-73.3622,6.10553
-74.1373,2.18136
-72.3924,5.91702
-73.1438,1.98824
-71.4214,5.7343
-72.1494,1.80111
-70.4491,5.55728
-71.154,1.6199
-69.4756,5.38588
-70.1578,1.4445
-69.4756,5.38588
-70.1578,1.4445
-68.5009,5.22001
-69.1608,1.27483
-67.5252,5.05959
-68.1631,1.11079
-66.5483,4.90454
-67.1647,0.952302
-65.5705,4.75476
-66.1655,0.799262
-64.5917,4.61017
-65.1658,0.651581
-63.612,4.47068
-64.1655,0.509166
-62.6313,4.3362
-63.1647,0.371922
-61.6499,4.20665
-62.1634,0.239757
-60.6675,4.08195
-61.1616,0.112577
-59.6845,3.96199
-60.1594,-0.00971345
-59.6845,3.96199
-60.1594,-0.00971345
-58.7006,3.84669
-59.1569,-0.127208
-57.7161,3.73596
-58.154,-0.240001
-56.7308,3.62971
-57.1507,-0.348188
-55.7449,3.52786
-56.1472,-0.451863
-54.7584,3.4303
-55.1434,-0.551123
-53.7713,3.33696
-54.1394,-0.646061
-52.7836,3.24774
-53.1353,-0.736775
-51.7954,3.16254
-52.1309,-0.823359
-50.8066,3.08129
-51.1264,-0.905909
-49.8173,3.00388
-50.1217,-0.984521
-49.8173,3.00388
-50.1217,-0.984521
-48.8276,2.93023
-49.117,-1.05929
-47.8374,2.86024
-48.1122,-1.13032
-46.8468,2.79382
-47.1073,-1.19769
-45.8557,2.73088
-46.1023,-1.26151
-44.8643,2.67133
-45.0974,-1.32188
-43.8724,2.61507
-44.0924,-1.37888
-42.8802,2.56201
-43.0875,-1.43262
-41.8877,2.51206
-42.0826,-1.48319
-40.8948,2.46513
-41.0777,-1.53068
-39.9016,2.42112
-40.0729,-1.57521
-39.9016,2.42112
-40.0729,-1.57521
-38.908,2.37994
-39.0681,-1.61685
-37.9142,2.3415
-38.0634,-1.65571
-36.9201,2.30571
-37.0588,-1.69189
-35.9257,2.27246
-36.0544,-1.72547
-34.931,2.24167
-35.05,-1.75657
-33.9361,2.21324
-34.0457,-1.78526
-32.9409,2.18708
-33.0416,-1.81165
-31.9455,2.16309
-32.0376,-1.83585
-30.9498,2.14119
-31.0338,-1.85793
-29.9539,2.12128
-30.03,-1.878
-29.9539,2.12128
-30.03,-1.878
-28.9578,2.10326
-29.0265,-1.89615
-27.9615,2.08703
-28.0231,-1.91249
-26.9649,2.07252
-27.0199,-1.9271
-25.9681,2.05961
-26.0168,-1.94009
-24.9712,2.04822
-25.0139,-1.95155
-23.974,2.03826
-24.0112,-1.96157
-22.9766,2.02962
-23.0087,-1.97025
-21.979,2.02222
-22.0063,-1.97769
-20.9812,2.01595
-21.0042,-1.98398
-19.9832,2.01073
-20.0022,-1.98923
-19.9832,2.01073
-20.0022,-1.98923
-18.985,2.00646
-19.0004,-1.99351
-17.9867,2.00304
-17.9988,-1.99694
-16.9881,2.00038
-16.9973,-1.99961
-15.9893,1.99839
-15.9961,-2.0016
-14.9904,1.99697
-14.9951,-2.00303
-13.9912,1.99602
-13.9942,-2.00397
-12.9919,1.99546
-12.9935,-2.00454
-11.9924,1.99518
-11.9931,-2.00482
-10.9927,1.99509
-10.9928,-2.00491
-9.99277,1.9951
-9.99268,-2.0049
-9.99277,1.9951
-9.99268,-2.0049
-8.99277,1.99512
-8.99268,-2.00488
-7.99277,1.99514
-7.99268,-2.00486
-6.99277,1.99516
-6.99268,-2.00484
-5.99277,1.99519
-5.99268,-2.00481
-4.99277,1.99521
-4.99268,-2.00479
-3.99277,1.99523
-3.99268,-2.00477
-2.99277,1.99525
-2.99268,-2.00475
-1.99277,1.99527
-1.99268,-2.00473
-0.992766,1.9953
-0.992678,-2.0047
0,2
0,-2
